3312
3341
3381
3415
3464
3469
3472
3483
3521
3524
3534
3535
3543
3550
3584
3593
3640
3642
3687
3689
3704
3737
3759
3790
3837
3856
3859
3870
3874
3901
3918
3922
3933
3947
3952
3953
3968
3983
3993
3995
4033
4051
4066
4078
4084
4085
4099
4129
4135
4137
4139
4159
4171
4207
4228
4256
4297
4306
4352
4353
4354
4366
4403
4414
4418
4420
4423
4442
4444
4459
4475
4489
4506
4508
4527
4536
4546
4555
4560
4567
4572
4576
4594
4601
4611
4627
4636
4675
4694
4701
4722
4730
4746
4747
4748
4772
4783
4795
4800
4801
4854
4857
4871
4884
4885
4909
4913
4917
4928
4945
4958
4987
4989
4994
3534
3535
3543
3550
3584
3593
3640
3642
3687
3689
3704
3737
3759
3790
3837
3856
3859
3870
3874
3901
3918
3922
3933
3947
3952
3953
3968
3983
3993
3995
4033
4051
4066
4078
4084
4085
4099
4129
4135
4137
4139
4159
4171
4207
4228
4256
4297
4306
4352
4353
4354
4366
4403
4414
4418
4420
4423
4442
4444
4459
4475
4489
4506
4508
4527
4536
4546
4555
4560
4567
4572
4576
4594
4601
4611
4627
4636
4675
4694
4701
4722
4730
4746
4747
4748
4772
4783
4795
4800
4854
4857
4871
4884
4885
4909
4913
4917
4928
4945
4958
4987
4989
4994
