3002
3003
3017
3022
3024
3031
3032
3045
3065
3067
3088
3095
3103
3186
3187
3189
3211
3215
3219
3235
3312
3341
3381
3410
3415
3464
3469
3472
3482
3483
3487
3496
3501
3508
3521
3523
3524
3531
3534
3535
3543
3544
3549
3550
3558
3566
3582
3584
3593
3596
3631
3640
3642
3644
3654
3662
3668
3687
3689
3703
3704
3713
3736
3737
3759
3765
3770
3775
3778
3787
3790
3794
3800
3825
3826
3837
3847
3848
3850
3851
3854
3856
3859
3861
3866
3870
3874
3876
3893
3899
3900
3901
3907
3908
3909
3910
3911
3912
3918
3922
3923
3931
3933
3936
3947
3952
3953
3956
3968
3975
3976
3983
3993
3995
4010
4016
4017
4019
4021
4026
4032
4033
4035
4051
4055
4066
4078
4079
4083
4084
4085
4090
4099
4103
4109
4111
4121
4129
4130
4135
4137
4138
4139
4141
4144
4145
4150
4153
4155
4159
4171
4207
4212
4228
4256
4297
4306
4352
4353
4354
4366
4403
4414
4418
4420
4423
4442
4444
4459
4475
4489
4506
4508
4527
4536
4546
4555
4560
4567
4572
4576
4594
4601
4611
4626
4627
4636
4675
4694
4700
4701
4722
4730
4743
4746
4747
4748
4772
4783
4795
4800
4801
4854
4857
4871
4884
4885
4909
4913
4917
4928
4945
4958
4987
4989
4994